sequential_run:      0.706621s to square until 10000000. The last 3 squares [99999960000004, 99999980000001, 100000000000000]
parallel_run:        120.56s to square until 10000000. The last 3 squares [(9999998, 99999960000004), (9999999, 99999980000001), (10000000, 100000000000000)]
pool_map_run:        1.452920s to square until 10000000. The last 3 squares [99999960000004, 99999980000001, 100000000000000]
pool_apply_run:      1651.242141s to square until 10000000. The last 3 squares [99999960000004, 99999980000001, 100000000000000]
pool_map_async_run:  1.638617s to square until 10000000. The last 3 squares [99999960000004, 99999980000001, 100000000000000]
pool_apply_async_run: 527.044425s to square until 10000000. The last 3 squares [99999960000004, 99999980000001, 100000000000000]
